GAOFEN-3                
1 41727U 16049A   26222.89249726 -.00000175  00000+0 -40054-4 0  9993
2 41727  98.4036 229.8565 0001532  68.8238 291.3115 14.42220774526532
YAOGAN-3                
1 32289U 07055A   26222.89395042  .00001052  00000+0  11218-3 0  9998
2 32289  97.8143 252.2312 0001331  94.9548 265.1822 14.90964095 14022
YAOGAN-29               
1 41038U 15069A   26222.82620843 -.00000104  00000+0 -61462-5 0  9994
2 41038  98.0021 251.5401 0001490 147.8215 212.3090 14.83122309578727
SHIYAN-12 01 (SY-12 01) 
1 50321U 21129A   26222.65084413  .00000091  00000+0  00000+0 0  9999
2 50321   3.8104  79.1559 0011805  98.5320  32.4684  1.00269568 17043
NAVSTAR 68 (USA 242)    
1 39166U 13023A   26222.52830067  .00000032  00000+0  00000+0 0  9992
2 39166  54.4646 266.7566 0141563  51.1337 310.2035  2.00563209 96976
LUCH-5X (OLYMP-K 2)     
1 55841U 23031A   26222.73104986  .00000019  00000+0  00000+0 0  9992
2 55841   0.0207  93.3668 0001374 199.4796 351.5085  1.00272003 12486
LUCH (OLYMP-K 1)        
1 40258U 14058A   26222.62675071  .00000019  00000+0  00000+0 0  9993
2 40258   2.0326  82.0020 0002024 129.8376 228.4061  0.99109812 41502
GAOFEN-1                
1 39150U 13018A   26222.88700905  .00000112  00000+0  23286-4 0  9990
2 39150  97.9068 293.8326 0018419  89.8876 270.4444 14.76543506716315
ISS (ZARYA)             
1 25544U 98067A   26222.82685156  .00003972  00000+0  79129-4 0  9997
2 25544  51.6327  29.6784 0007446  33.6486 326.4974 15.49406443580225
NAVSTAR 57 (USA 183)    
1 28874U 05038A   26222.19404382  .00000026  00000+0  00000+0 0  9996
2 28874  54.8363 270.9941 0128533 296.7873  60.6191  2.00561874152910
COSMOS 2550             
1 48865U 21056A   26222.53760812  .00002640  00000+0  86010-4 0  9991
2 48865  67.1427 295.4973 0008395 269.3203  90.6989 15.33840089287053
CSS (TIANHE)            
1 48274U 21035A   26222.74410934  .00007906  00000+0  10300-3 0  9990
2 48274  41.4701 350.8167 0001173 259.9143 100.1563 15.58947658301681
BEIDOU-3 M11            
1 43603U 18067B   26222.27693608  .00000009  00000+0  00000+0 0  9990
2 43603  54.1783 179.1703 0004850  17.1946 342.7793  1.86226990 54152
TERRASAR-X              
1 31698U 07026A   26222.53307677  .00000090  00000+0  74644-5 0  9992
2 31698  97.4474 229.4688 0001596  90.5512 269.5905 15.19145371 61477
COSMO-SKYMED 1          
1 31598U 07023A   26222.80345505  .00001317  00000+0  11868-3 0  9990
2 31598  97.8842  55.1272 0001377  99.8860 260.2516 14.97321278 37967
DMSP 5D-3 F16 (USA 172) 
1 28054U 03048A   26222.85212964 -.00000017  00000+0  14732-4 0  9994
2 28054  98.9886 247.0391 0006992   2.0060 101.1489 14.14486177177214
DMSP 5D-3 F18 (USA 210) 
1 35951U 09057A   26222.87471183  .00000144  00000+0  97338-4 0  9999
2 35951  98.9089 203.5379 0012275  94.8652 265.3923 14.14925164867321
SHIYAN-7 (SY-7)         
1 39208U 13037A   26222.88352705  .00000231  00000+0  44553-4 0  9998
2 39208  98.0914 225.8676 0007259 342.6144  17.4814 14.72340328700251
STARLINK-1008           
1 44714U 19074B   26222.25931810  .00049952  00000+0  61573-3 0  9997
2 44714  53.1483 168.1900 0006575  36.8172 323.3292 15.59704762372621
AQUA                    
1 27424U 02022A   26222.86083176  .00000346  00000+0  78555-4 0  9994
2 27424  98.4328 193.2500 0001723  94.3734 286.7334 14.62161714291264
LANDSAT 8               
1 39084U 13008A   26222.82334068  .00000125  00000+0  37841-4 0  9998
2 39084  98.2267 292.2995 0001280  93.5930 266.5415 14.57108813705850
TERRA                   
1 25994U 99068A   26222.89253138  .00000160  00000+0  41455-4 0  9993
2 25994  97.9419 270.2595 0003539  71.0296 102.3934 14.61140897417594
NOAA 18                 
1 28654U 05018A   26222.83048442  .00000004  00000+0  25019-4 0  9990
2 28654  98.8091 301.7090 0014123   0.3270 359.7910 14.13738058 94035
NOAA 20 (JPSS-1)        
1 43013U 17073A   26222.83956231 -.00000008  00000+0  17165-4 0  9992
2 43013  98.7780 161.8197 0001991  93.2115 266.9289 14.19520534452227
